Estimate,Trial Number
4,1
4,2
2.66667,3
3,4
3.2,5
2.66667,6
2.28571,7
2,8
1.77778,9
1.6,10
1.81818,11
1.66667,12
1.84615,13
2,14
2.13333,15
2.25,16
2.35294,17
2.44444,18
2.52632,19
2.4,20
2.28571,21
2.18182,22
2.26087,23
2.33333,24
2.4,25
2.46154,26
2.51852,27
2.42857,28
2.48276,29
2.53333,30
2.45161,31
2.375,32
2.42424,33
2.35294,34
2.28571,35
2.22222,36
2.27027,37
2.21053,38
2.25641,39
2.3,40
2.2439,41
2.28571,42
2.32558,43
2.36364,44
2.4,45
2.43478,46
2.46809,47
2.41667,48
2.44898,49
2.48,50
2.5098,51
2.53846,52
2.56604,53
2.59259,54
2.54545,55
2.57143,56
2.59649,57
2.62069,58
2.57627,59
2.6,60
2.62295,61
2.64516,62
2.66667,63
2.6875,64
2.70769,65
2.72727,66
2.74627,67
2.76471,68
2.78261,69
2.8,70
2.8169,71
2.83333,72
2.84932,73
2.86486,74
2.88,75
2.89474,76
2.90909,77
2.87179,78
2.88608,79
2.85,80
2.8642,81
2.87805,82
2.89157,83
2.90476,84
2.91765,85
2.93023,86
2.94253,87
2.95455,88
2.96629,89
2.93333,90
2.9011,91
2.91304,92
2.92473,93
2.93617,94
2.94737,95
2.91667,96
2.92783,97
2.93878,98
2.94949,99
2.96,100
2.9703,101
2.98039,102
2.99029,103
3,104
3.00952,105
2.98113,106
2.99065,107
3,108
2.97248,109
2.98182,110
2.99099,111
3,112
2.97345,113
2.94737,114
2.95652,115
2.96552,116
2.97436,117
2.98305,118
2.9916,119
3,120
2.97521,121
2.95082,122
2.95935,123
2.93548,124
2.944,125
2.92063,126
2.92913,127
2.90625,128
2.91473,129
2.89231,130
2.90076,131
2.90909,132
2.91729,133
2.92537,134
2.93333,135
2.94118,136
2.9489,137
2.92754,138
2.90647,139
2.88571,140
2.89362,141
2.90141,142
2.90909,143
2.91667,144
2.92414,145
2.93151,146
2.91156,147
2.91892,148
2.89933,149
2.90667,150
2.91391,151
2.89474,152
2.90196,153
2.90909,154
2.91613,155
2.92308,156
2.92994,157
2.93671,158
2.9434,159
2.95,160
2.95652,161
2.96296,162
2.96933,163
2.97561,164
2.98182,165
2.98795,166
2.99401,167
3,168
3.00592,169
3.01176,170
3.01754,171
3.02326,172
3.0289,173
3.03448,174
3.04,175
3.04545,176
3.02825,177
3.03371,178
3.01676,179
3.02222,180
3.02762,181
3.03297,182
3.03825,183
3.04348,184
3.04865,185
3.05376,186
3.03743,187
3.04255,188
3.04762,189
3.05263,190
3.05759,191
3.0625,192
3.06736,193
3.05155,194
3.05641,195
3.06122,196
3.04569,197
3.0303,198
3.03518,199
3.04,200
3.02488,201
3.0297,202
3.01478,203
3.01961,204
3.02439,205
3.00971,206
3.01449,207
3.01923,208
3.02392,209
3.02857,210
3.03318,211
3.03774,212
3.04225,213
3.04673,214
3.05116,215
3.05556,216
3.05991,217
3.06422,218
3.05023,219
3.05455,220
3.04072,221
3.02703,222
3.03139,223
3.01786,224
3.02222,225
3.02655,226
3.03084,227
3.03509,228
3.0393,229
3.04348,230
3.04762,231
3.05172,232
3.03863,233
3.04274,234
3.04681,235
3.05085,236
3.05485,237
3.04202,238
3.04603,239
3.05,240
3.05394,241
3.05785,242
3.06173,243
3.06557,244
3.06939,245
3.05691,246
3.06073,247
3.06452,248
3.05221,249
3.04,250
3.04382,251
3.04762,252
3.05138,253
3.05512,254
3.04314,255
3.03125,256
3.01946,257
3.02326,258
3.01158,259
3,260
2.98851,261
2.9771,262
2.96578,263
2.9697,264
2.95849,265
2.94737,266
2.93633,267
2.9403,268
2.94424,269
2.94815,270
2.95203,271
2.95588,272
2.95971,273
2.9635,274
2.96727,275
2.97101,276
2.97473,277
2.97842,278
2.96774,279
2.95714,280
2.96085,281
2.96454,282
2.9682,283
2.97183,284
2.97544,285
2.97902,286
2.98258,287
2.98611,288
2.98962,289
2.9931,290
2.98282,291
2.9863,292
2.98976,293
2.9932,294
2.99661,295
3,296
3.00337,297
3.00671,298
3.01003,299
3.01333,300
3.01661,301
3.00662,302
2.9967,303
3,304
3.00328,305
3.00654,306
3.00977,307
3.01299,308
3.00324,309
3.00645,310
3.00965,311
3.01282,312
3.01597,313
3.00637,314
3.00952,315
3.01266,316
3.01577,317
3.01887,318
3.02194,319
3.025,320
3.01558,321
3.01863,322
3.02167,323
3.02469,324
3.02769,325
3.03067,326
3.03364,327
3.03659,328
3.03951,329
3.04242,330
3.03323,331
3.03614,332
3.03904,333
3.02994,334
3.03284,335
3.03571,336
3.03858,337
3.04142,338
3.04425,339
3.04706,340
3.04985,341
3.05263,342
3.04373,343
3.04651,344
3.04928,345
3.04046,346
3.04323,347
3.04598,348
3.04871,349
3.05143,350
3.05413,351
3.05682,352
3.04816,353
3.03955,354
3.04225,355
3.04494,356
3.03641,357
3.03911,358
3.04178,359
3.04444,360
3.04709,361
3.03867,362
3.04132,363
3.04396,364
3.04658,365
3.04918,366
3.04087,367
3.04348,368
3.03523,369
3.03784,370
3.04043,371
3.04301,372
3.04558,373
3.04813,374
3.05067,375
3.04255,376
3.03448,377
3.03704,378
3.03958,379
3.03158,380
3.03412,381
3.02618,382
3.02872,383
3.03125,384
3.03377,385
3.03627,386
3.03876,387
3.04124,388
3.0437,389
3.04615,390
3.04859,391
3.05102,392
3.05344,393
3.05584,394
3.05823,395
3.06061,396
3.06297,397
3.06533,398
3.06767,399
3.07,400
3.07232,401
3.07463,402
3.07692,403
3.06931,404
3.0716,405
3.07389,406
3.07617,407
3.07843,408
3.0709,409
3.06341,410
3.06569,411
3.06796,412
3.06053,413
3.0628,414
3.06506,415
3.06731,416
3.06954,417
3.07177,418
3.07399,419
3.06667,420
3.06888,421
3.06161,422
3.06383,423
3.06604,424
3.06824,425
3.07042,426
3.0726,427
3.07477,428
3.07692,429
3.07907,430
3.08121,431
3.08333,432
3.07621,433
3.07834,434
3.08046,435
3.08257,436
3.08467,437
3.08676,438
3.08884,439
3.09091,440
3.09297,441
3.09502,442
3.09707,443
3.0991,444
3.10112,445
3.09417,446
3.0962,447
3.09821,448
3.10022,449
3.10222,450
3.10421,451
3.09735,452
3.09934,453
3.09251,454
3.09451,455
3.08772,456
3.08096,457
3.08297,458
3.08497,459
3.08696,460
3.08894,461
3.09091,462
3.09287,463
3.09483,464
3.09677,465
3.09013,466
3.09208,467
3.08547,468
3.08742,469
3.08085,470
3.0828,471
3.08475,472
3.07822,473
3.07173,474
3.07368,475
3.06723,476
3.06918,477
3.07113,478
3.07307,479
3.075,480
3.07692,481
3.07054,482
3.06418,483
3.06612,484
3.06804,485
3.06996,486
3.07187,487
3.07377,488
3.07566,489
3.06939,490
3.07128,491
3.06504,492
3.06694,493
3.06073,494
3.05455,495
3.05645,496
3.05835,497
3.06024,498
3.05411,499
3.048,500
3.04192,501
3.04382,502
3.04573,503
3.04762,504
3.0495,505
3.05138,506
3.05325,507
3.04724,508
3.04912,509
3.05098,510
3.05284,511
3.05469,512
3.05653,513
3.05837,514
3.06019,515
3.05426,516
3.05609,517
3.05791,518
3.05973,519
3.06154,520
3.05566,521
3.05747,522
3.05927,523
3.05344,524
3.05524,525
3.05703,526
3.05882,527
3.05303,528
3.04726,529
3.04906,530
3.04331,531
3.04511,532
3.0469,533
3.04869,534
3.05047,535
3.05224,536
3.054,537
3.05576,538
3.05751,539
3.05926,540
3.061,541
3.06273,542
3.06446,543
3.06618,544
3.06789,545
3.0696,546
3.0713,547
3.07299,548
3.07468,549
3.07636,550
3.07804,551
3.07971,552
3.08137,553
3.08303,554
3.08468,555
3.08633,556
3.08797,557
3.08961,558
3.09123,559
3.09286,560
3.09447,561
3.09609,562
3.09769,563
3.0922,564
3.09381,565
3.09541,566
3.097,567
3.09859,568
3.10018,569
3.09474,570
3.09632,571
3.0979,572
3.0925,573
3.09408,574
3.09565,575
3.09722,576
3.09879,577
3.09343,578
3.09499,579
3.09655,580
3.09811,581
3.09966,582
3.1012,583
3.10274,584
3.10427,585
3.1058,586
3.10051,587
3.10204,588
3.10357,589
3.10508,590
3.1066,591
3.10811,592
3.10961,593
3.11111,594
3.11261,595
3.10738,596
3.10218,597
3.10368,598
3.10518,599
3.10667,600
3.10815,601
3.10963,602
3.11111,603
3.11258,604
3.11405,605
3.11551,606
3.11038,607
3.11184,608
3.1133,609
3.1082,610
3.10966,611
3.10458,612
3.10604,613
3.10098,614
3.09593,615
3.0974,616
3.09887,617
3.09385,618
3.09531,619
3.09677,620
3.09179,621
3.09325,622
3.0947,623
3.09615,624
3.0912,625
3.08626,626
3.08772,627
3.08917,628
3.09062,629
3.09206,630
3.08716,631
3.08228,632
3.08373,633
3.08517,634
3.08661,635
3.08805,636
3.08948,637
3.08464,638
3.08607,639
3.0875,640
3.08268,641
3.07788,642
3.07932,643
3.08075,644
3.08217,645
3.08359,646
3.08501,647
3.08025,648
3.08166,649
3.07692,650
3.07834,651
3.07975,652
3.08116,653
3.07645,654
3.07176,655
3.07317,656
3.07458,657
3.07599,658
3.07739,659
3.07879,660
3.08018,661
3.08157,662
3.08296,663
3.07831,664
3.0797,665
3.08108,666
3.08246,667
3.07784,668
3.07922,669
3.0806,670
3.08197,671
3.07738,672
3.07281,673
3.07418,674
3.07556,675
3.07692,676
3.07238,677
3.07375,678
3.07511,679
3.07059,680
3.07195,681
3.07331,682
3.07467,683
3.07018,684
3.06569,685
3.06706,686
3.06841,687
3.06977,688
3.06531,689
3.06667,690
3.06802,691
3.06936,692
3.06493,693
3.06628,694
3.06763,695
3.06322,696
3.06456,697
3.0659,698
3.06152,699
3.05714,700
3.05849,701
3.05983,702
3.06117,703
3.0625,704
3.05816,705
3.05949,706
3.06082,707
3.06215,708
3.06347,709
3.06479,710
3.0661,711
3.06742,712
3.06872,713
3.07003,714
3.06573,715
3.06704,716
3.06834,717
3.06964,718
3.07093,719
3.07222,720
3.07351,721
3.06925,722
3.06501,723
3.0663,724
3.06759,725
3.06336,726
3.05915,727
3.05494,728
3.05624,729
3.05753,730
3.05335,731
3.04918,732
3.05048,733
3.04632,734
3.04218,735
3.04348,736
3.04478,737
3.04607,738
3.04736,739
3.04865,740
3.04993,741
3.05121,742
3.05249,743
3.05376,744
3.05503,745
3.0563,746
3.05756,747
3.05882,748
3.06008,749
3.06133,750
3.06258,751
3.06383,752
3.06507,753
3.06631,754
3.06755,755
3.06349,756
3.06473,757
3.06069,758
3.06192,759
3.05789,760
3.05913,761
3.06037,762
3.0616,763
3.06283,764
3.06405,765
3.06005,766
3.06128,767
3.0625,768
3.06372,769
3.06493,770
3.06615,771
3.06736,772
3.06856,773
3.06977,774
3.07097,775
3.07217,776
3.06821,777
3.06427,778
3.06547,779
3.06667,780
3.06786,781
3.06905,782
3.07024,783
3.07143,784
3.07261,785
3.07379,786
3.07497,787
3.07614,788
3.07731,789
3.07848,790
3.07965,791
3.08081,792
3.08197,793
3.08312,794
3.08428,795
3.08543,796
3.08657,797
3.08772,798
3.08886,799
3.085,800
3.08115,801
3.08229,802
3.08344,803
3.08458,804
3.08075,805
3.08189,806
3.08302,807
3.07921,808
3.08035,809
3.08148,810
3.08261,811
3.08374,812
3.08487,813
3.086,814
3.08712,815
3.08824,816
3.08935,817
3.09046,818
3.09158,819
3.0878,820
3.08892,821
3.09002,822
3.09113,823
3.08738,824
3.08848,825
3.08959,826
3.08585,827
3.08696,828
3.08806,829
3.08916,830
3.09025,831
3.09135,832
3.08764,833
3.08873,834
3.08503,835
3.08612,836
3.08722,837
3.08831,838
3.08939,839
3.09048,840
3.09156,841
3.09264,842
3.09371,843
3.09479,844
3.09586,845
3.0922,846
3.09327,847
3.09434,848
3.09541,849
3.09647,850
3.09753,851
3.09859,852
3.09965,853
3.1007,854
3.09708,855
3.09813,856
3.09918,857
3.10023,858
3.10128,859
3.09767,860
3.09872,861
3.09977,862
3.09618,863
3.09722,864
3.09827,865
3.09931,866
3.10035,867
3.09677,868
3.09321,869
3.08966,870
3.0907,871
3.09174,872
3.09278,873
3.09382,874
3.09486,875
3.09589,876
3.09692,877
3.09795,878
3.09443,879
3.09545,880
3.09648,881
3.09751,882
3.09853,883
3.09502,884
3.09153,885
3.09255,886
3.08906,887
3.09009,888
3.09111,889
3.09213,890
3.09315,891
3.08969,892
3.09071,893
3.09172,894
3.09274,895
3.08929,896
3.0903,897
3.09131,898
3.09232,899
3.09333,900
3.09434,901
3.09534,902
3.09635,903
3.09735,904
3.09392,905
3.09492,906
3.09151,907
3.09251,908
3.09351,909
3.09451,910
3.0955,911
3.09649,912
3.0931,913
3.09409,914
3.09071,915
3.0917,916
3.09269,917
3.09368,918
3.09467,919
3.09565,920
3.09663,921
3.09761,922
3.09426,923
3.09524,924
3.09622,925
3.09287,926
3.08954,927
3.09052,928
3.0915,929
3.09247,930
3.09345,931
3.09442,932
3.09539,933
3.09636,934
3.09733,935
3.09829,936
3.09925,937
3.10021,938
3.10117,939
3.09787,940
3.09883,941
3.09554,942
3.0965,943
3.09746,944
3.09418,945
3.09091,946
3.08765,947
3.08861,948
3.08957,949
3.09053,950
3.09148,951
3.09244,952
3.09339,953
3.09434,954
3.0911,955
3.09205,956
3.093,957
3.09395,958
3.09072,959
3.0875,960
3.08845,961
3.0894,962
3.09034,963
3.08714,964
3.08808,965
3.08903,966
3.08997,967
3.09091,968
3.08772,969
3.08866,970
3.0896,971
3.09053,972
3.09147,973
3.0924,974
3.09333,975
3.09426,976
3.09519,977
3.09611,978
3.09704,979
3.09796,980
3.0948,981
3.09165,982
3.09257,983
3.08943,984
3.08629,985
3.08722,986
3.08815,987
3.08502,988
3.0819,989
3.07879,990
3.07972,991
3.08065,992
3.08157,993
3.08249,994
3.08342,995
3.08434,996
3.08526,997
3.08617,998
3.08709,999
3.088,1000
3.08891,1001
3.08982,1002
3.09073,1003
3.09163,1004
3.09254,1005
3.09344,1006
3.09434,1007
3.09524,1008
3.09613,1009
3.09703,1010
3.09792,1011
3.09881,1012
3.09576,1013
3.09665,1014
3.09754,1015
3.09843,1016
3.09931,1017
3.1002,1018
3.10108,1019
3.09804,1020
3.09892,1021
3.0998,1022
3.10068,1023
3.10156,1024
3.10244,1025
3.10331,1026
3.10419,1027
3.10117,1028
3.10204,1029
3.10291,1030
3.0999,1031
3.10078,1032
3.10165,1033
3.10251,1034
3.10338,1035
3.10425,1036
3.10511,1037
3.10597,1038
3.10298,1039
3.1,1040
3.10086,1041
3.10173,1042
3.10259,1043
3.10345,1044
3.10431,1045
3.10134,1046
3.1022,1047
3.10305,1048
3.10391,1049
3.10476,1050
3.10561,1051
3.10266,1052
3.10351,1053
3.10436,1054
3.10521,1055
3.10227,1056
3.10312,1057
3.10019,1058
3.09726,1059
3.09434,1060
3.09519,1061
3.09605,1062
3.0969,1063
3.09774,1064
3.09484,1065
3.09568,1066
3.09653,1067
3.09738,1068
3.09822,1069
3.09533,1070
3.09244,1071
3.09328,1072
3.09413,1073
3.09497,1074
3.09581,1075
3.09294,1076
3.09378,1077
3.09091,1078
3.08804,1079
3.08889,1080
3.08973,1081
3.08688,1082
3.08772,1083
3.08856,1084
3.0894,1085
3.08656,1086
3.0874,1087
3.08824,1088
3.0854,1089
3.08257,1090
3.08341,1091
3.08425,1092
3.08509,1093
3.08592,1094
3.08676,1095
3.08759,1096
3.08842,1097
3.08925,1098
3.09008,1099
3.09091,1100
3.0881,1101
3.0853,1102
3.08613,1103
3.08696,1104
3.08416,1105
3.08499,1106
3.08582,1107
3.08664,1108
3.08386,1109
3.08468,1110
3.08551,1111
3.08633,1112
3.08715,1113
3.08797,1114
3.08879,1115
3.08961,1116
3.08684,1117
3.08408,1118
3.0849,1119
3.08571,1120
3.08653,1121
3.08734,1122
3.08816,1123
3.08897,1124
3.08622,1125
3.08703,1126
3.08784,1127
3.08865,1128
3.08946,1129
3.09027,1130
3.09107,1131
3.09187,1132
3.09267,1133
3.09347,1134
3.09075,1135
3.09155,1136
3.09235,1137
3.09315,1138
3.09394,1139
3.09123,1140
3.08852,1141
3.08932,1142
3.09011,1143
3.09091,1144
3.08821,1145
3.08901,1146
3.0898,1147
3.08711,1148
3.08442,1149
3.08522,1150
3.08601,1151
3.08681,1152
3.08413,1153
3.08146,1154
3.07879,1155
3.07958,1156
3.08038,1157
3.08117,1158
3.08197,1159
3.08276,1160
3.08355,1161
3.08434,1162
3.08512,1163
3.08591,1164
3.0867,1165
3.08748,1166
3.08826,1167
3.08904,1168
3.08982,1169
3.0906,1170
3.09137,1171
3.09215,1172
3.08951,1173
3.09029,1174
3.09106,1175
3.08844,1176
3.08921,1177
3.08659,1178
3.08736,1179
3.08814,1180
3.08891,1181
3.08968,1182
3.09045,1183
3.09122,1184
3.09198,1185
3.08938,1186
3.09014,1187
3.09091,1188
3.08831,1189
3.08908,1190
3.08984,1191
3.0906,1192
3.09137,1193
3.09213,1194
3.09289,1195
3.09365,1196
3.0944,1197
3.09516,1198
3.09258,1199
3.09333,1200
3.09409,1201
3.09151,1202
3.08894,1203
3.0897,1204
3.09046,1205
3.09121,1206
3.08865,1207
3.08609,1208
3.08685,1209
3.0843,1210
3.08175,1211
3.08251,1212
3.08326,1213
3.08402,1214
3.08477,1215
3.08553,1216
3.08299,1217
3.08374,1218
3.0845,1219
3.08525,1220
3.08272,1221
3.08347,1222
3.08422,1223
3.08497,1224
3.08571,1225
3.08646,1226
3.0872,1227
3.08795,1228
3.08869,1229
3.08943,1230
3.09017,1231
3.09091,1232
3.0884,1233
3.08914,1234
3.08988,1235
3.09061,1236
3.08812,1237
3.08885,1238
3.08636,1239
3.0871,1240
3.08783,1241
3.08535,1242
3.08608,1243
3.08682,1244
3.08755,1245
3.08828,1246
3.08901,1247
3.08654,1248
3.08727,1249
3.088,1250
3.08553,1251
3.08307,1252
3.0838,1253
3.08453,1254
3.08526,1255
3.08599,1256
3.08671,1257
3.08426,1258
3.08181,1259
3.08254,1260
3.08327,1261
3.08082,1262
3.07838,1263
3.07911,1264
3.07984,1265
3.08057,1266
3.08129,1267
3.08202,1268
3.08274,1269
3.08346,1270
3.08419,1271
3.08176,1272
3.08248,1273
3.0832,1274
3.08078,1275
3.0815,1276
3.08222,1277
3.08294,1278
3.08366,1279
3.08437,1280
3.08509,1281
3.0858,1282
3.08652,1283
3.08723,1284
3.08794,1285
3.08865,1286
3.08625,1287
3.08696,1288
3.08766,1289
3.08837,1290
3.08908,1291
3.08978,1292
3.09049,1293
3.0881,1294
3.0888,1295
3.08951,1296
3.09021,1297
3.09091,1298
3.09161,1299
3.09231,1300
3.09301,1301
3.0937,1302
3.0944,1303
3.09509,1304
3.09272,1305
3.09342,1306
3.09411,1307
3.0948,1308
3.09244,1309
3.09313,1310
3.09382,1311
3.09146,1312
3.09216,1313
3.09285,1314
3.09354,1315
3.09422,1316
3.09188,1317
3.09256,1318
3.09325,1319
3.09394,1320
3.09463,1321
3.09531,1322
3.09297,1323
3.09366,1324
3.09132,1325
3.09201,1326
3.08968,1327
3.08735,1328
3.08804,1329
3.08571,1330
3.0864,1331
3.08709,1332
3.08777,1333
3.08846,1334
3.08914,1335
3.08982,1336
3.0905,1337
3.08819,1338
3.08887,1339
3.08955,1340
3.09023,1341
3.08793,1342
3.08861,1343
3.08631,1344
3.08699,1345
3.08767,1346
3.08834,1347
3.08902,1348
3.0897,1349
3.08741,1350
3.08808,1351
3.08876,1352
3.08943,1353
3.0901,1354
3.09078,1355
3.09145,1356
3.09211,1357
3.09278,1358
3.09051,1359
3.09118,1360
3.08891,1361
3.08957,1362
3.09024,1363
3.09091,1364
3.09158,1365
3.09224,1366
3.0929,1367
3.09357,1368
3.09423,1369
3.09489,1370
3.09555,1371
3.09621,1372
3.09395,1373
3.09461,1374
3.09527,1375
3.09302,1376
3.09078,1377
3.09144,1378
3.0892,1379
3.08985,1380
3.08762,1381
3.08828,1382
3.08894,1383
3.0896,1384
3.09025,1385
3.08802,1386
3.08868,1387
3.08934,1388
3.08999,1389
3.09065,1390
3.0913,1391
3.09195,1392
3.09261,1393
3.09326,1394
3.09391,1395
3.09456,1396
3.0952,1397
3.09585,1398
3.0965,1399
3.09429,1400
3.09493,1401
3.09558,1402
3.09622,1403
3.09687,1404
3.09751,1405
3.09815,1406
3.09879,1407
3.09659,1408
3.09439,1409
3.09504,1410
3.09568,1411
3.09632,1412
3.09696,1413
3.0976,1414
3.09823,1415
3.09887,1416
3.09951,1417
3.10014,1418
3.10078,1419
3.10141,1420
3.10204,1421
3.10267,1422
3.10049,1423
3.10112,1424
3.10175,1425
3.10238,1426
3.10301,1427
3.10364,1428
3.10147,1429
3.1021,1430
3.10273,1431
3.10335,1432
3.10398,1433
3.1046,1434
3.10523,1435
3.10585,1436
3.10647,1437
3.10709,1438
3.10771,1439
3.10833,1440
3.10618,1441
3.1068,1442
3.10742,1443
3.10803,1444
3.10588,1445
3.1065,1446
3.10712,1447
3.10773,1448
3.10835,1449
3.10897,1450
3.10958,1451
3.10744,1452
3.1053,1453
3.10316,1454
3.10378,1455
3.1044,1456
3.10501,1457
3.10562,1458
3.1035,1459
3.10411,1460
3.10472,1461
3.10534,1462
3.10595,1463
3.10656,1464
3.10717,1465
3.10778,1466
3.10566,1467
3.10627,1468
3.10688,1469
3.10748,1470
3.10809,1471
3.1087,1472
3.1093,1473
3.10991,1474
3.11051,1475
3.11111,1476
3.11171,1477
3.11231,1478
3.11291,1479
3.11351,1480
3.11411,1481
3.11201,1482
3.11261,1483
3.11321,1484
3.1138,1485
3.1144,1486
3.115,1487
3.11559,1488
3.11619,1489
3.11678,1490
3.11469,1491
3.1126,1492
3.11319,1493
3.11379,1494
3.11438,1495
3.11497,1496
3.11556,1497
3.11348,1498
3.11408,1499
3.11467,1500
3.11526,1501
3.11585,1502
3.11377,1503
3.11436,1504
3.11229,1505
3.11288,1506
3.11347,1507
3.11406,1508
3.11199,1509
3.11258,1510
3.11317,1511
3.11376,1512
3.11434,1513
3.11493,1514
3.11287,1515
3.11082,1516
3.1114,1517
3.11199,1518
3.11257,1519
3.11053,1520
3.11111,1521
3.1117,1522
3.11228,1523
3.11286,1524
3.11344,1525
3.11402,1526
3.11198,1527
3.11257,1528
3.11315,1529
3.11373,1530
3.1143,1531
3.11488,1532
3.11285,1533
3.11082,1534
3.1114,1535
3.11198,1536
3.11256,1537
3.11053,1538
3.11111,1539
3.10909,1540
3.10967,1541
3.11025,1542
3.11082,1543
3.1114,1544
3.11197,1545
3.11255,1546
3.11312,1547
3.1137,1548
3.11427,1549
3.11226,1550
3.11025,1551
3.11082,1552
3.1114,1553
3.1094,1554
3.10997,1555
3.11054,1556
3.10854,1557
3.10911,1558
3.10969,1559
3.11026,1560
3.11083,1561
3.1114,1562
3.11196,1563
3.11253,1564
3.11054,1565
3.11111,1566
3.11168,1567
3.11224,1568
3.11281,1569
3.11338,1570
3.11394,1571
3.1145,1572
3.11252,1573
3.11309,1574
3.11365,1575
3.11168,1576
3.11224,1577
3.1128,1578
3.11336,1579
3.11392,1580
3.11448,1581
3.11252,1582
3.11308,1583
3.11364,1584
3.1142,1585
3.11475,1586
3.11279,1587
3.11335,1588
3.11391,1589
3.11447,1590
3.11251,1591
3.11055,1592
3.1086,1593
3.10916,1594
3.10972,1595
3.11028,1596
3.11083,1597
3.11139,1598
3.10944,1599
3.11,1600
3.11056,1601
3.10861,1602
3.10667,1603
3.10723,1604
3.10779,1605
3.10834,1606
3.1089,1607
3.10945,1608
3.11001,1609
3.10807,1610
3.10863,1611
3.1067,1612
3.10725,1613
3.10781,1614
3.10836,1615
3.10891,1616
3.10946,1617
3.10754,1618
3.10809,1619
3.10864,1620
3.10919,1621
3.10974,1622
3.11029,1623
3.11084,1624
3.10892,1625
3.10947,1626
3.11002,1627
3.10811,1628
3.10866,1629
3.1092,1630
3.10975,1631
3.11029,1632
3.11084,1633
3.11138,1634
3.11193,1635
3.11247,1636
3.11301,1637
3.11355,1638
3.11409,1639
3.11463,1640
3.11274,1641
3.11084,1642
3.11138,1643
3.11192,1644
3.11246,1645
3.113,1646
3.11354,1647
3.11408,1648
3.11461,1649
3.11273,1650
3.11084,1651
3.10896,1652
3.10708,1653
3.10762,1654
3.10574,1655
3.10628,1656
3.10441,1657
3.10495,1658
3.10549,1659
3.10602,1660
3.10656,1661
3.10469,1662
3.10523,1663
3.10337,1664
3.1039,1665
3.10444,1666
3.10498,1667
3.10312,1668
3.10365,1669
3.10419,1670
3.10473,1671
3.10287,1672
3.10102,1673
3.10155,1674
3.10209,1675
3.10263,1676
3.10316,1677
3.10369,1678
3.10423,1679
3.10238,1680
3.10292,1681
3.10345,1682
3.10398,1683
3.10451,1684
3.10504,1685
3.1032,1686
3.10373,1687
3.10427,1688
3.1048,1689
3.10533,1690
3.10585,1691
3.10638,1692
3.10455,1693
3.10272,1694
3.10088,1695
3.10142,1696
3.09959,1697
3.10012,1698
3.09829,1699
3.09882,1700
3.097,1701
3.09753,1702
3.09806,1703
3.09859,1704
3.09912,1705
3.09965,1706
3.10018,1707
3.1007,1708
3.10123,1709
3.09942,1710
3.09994,1711
3.09813,1712
3.09866,1713
3.09918,1714
3.09971,1715
3.10023,1716
3.10076,1717
3.09895,1718
3.09948,1719
3.1,1720
3.0982,1721
3.0964,1722
3.09692,1723
3.09513,1724
3.09565,1725
3.09618,1726
3.0967,1727
3.09722,1728
3.09543,1729
3.09595,1730
3.09648,1731
3.09469,1732
3.09521,1733
3.09573,1734
3.09395,1735
3.09217,1736
3.09269,1737
3.09321,1738
3.09143,1739
3.08966,1740
3.09018,1741
3.0884,1742
3.08893,1743
3.08945,1744
3.08997,1745
3.09049,1746
3.09101,1747
3.09153,1748
3.09205,1749
3.09257,1750
3.09309,1751
3.09361,1752
3.09412,1753
3.09464,1754
3.09288,1755
3.09112,1756
3.09163,1757
3.09215,1758
3.09267,1759
3.09318,1760
3.0937,1761
3.09194,1762
3.09246,1763
3.09297,1764
3.09122,1765
3.09173,1766
3.09225,1767
3.0905,1768
3.09101,1769
3.09153,1770
3.09204,1771
3.09255,1772
3.09306,1773
3.09357,1774
3.09408,1775
3.09459,1776
3.0951,1777
3.09336,1778
3.09387,1779
3.09438,1780
3.09489,1781
3.0954,1782
3.09591,1783
3.09641,1784
3.09692,1785
3.09742,1786
3.09793,1787
3.09843,1788
3.09894,1789
3.09944,1790
3.09994,1791
3.10045,1792
3.10095,1793
3.10145,1794
3.10195,1795
3.10245,1796
3.10295,1797
3.10345,1798
3.10395,1799
3.10444,1800
3.10494,1801
3.10544,1802
3.10372,1803
3.10421,1804
3.10471,1805
3.1052,1806
3.1057,1807
3.10619,1808
3.10669,1809
3.10718,1810
3.10768,1811
3.10817,1812
3.10645,1813
3.10695,1814
3.10523,1815
3.10573,1816
3.10622,1817
3.10671,1818
3.1072,1819
3.10769,1820
3.10818,1821
3.10867,1822
3.10916,1823
3.10965,1824
3.10795,1825
3.10624,1826
3.10673,1827
3.10722,1828
3.10771,1829
3.10601,1830
3.1065,1831
3.10699,1832
3.10747,1833
3.10578,1834
3.10409,1835
3.10458,1836
3.10506,1837
3.10555,1838
3.10604,1839
3.10652,1840
3.10701,1841
3.10749,1842
3.10581,1843
3.10629,1844
3.10678,1845
3.10726,1846
3.10774,1847
3.10606,1848
3.10654,1849
3.10486,1850
3.10319,1851
3.10367,1852
3.10416,1853
3.10464,1854
3.10512,1855
3.1056,1856
3.10609,1857
3.10657,1858
3.10705,1859
3.10753,1860
3.10801,1861
3.10849,1862
3.10896,1863
3.10944,1864
3.10992,1865
3.10825,1866
3.10873,1867
3.10921,1868
3.10754,1869
3.10588,1870
3.10636,1871
3.10684,1872
3.10731,1873
3.10779,1874
3.10827,1875
3.10874,1876
3.10922,1877
3.10969,1878
3.11016,1879
3.11064,1880
3.10898,1881
3.10946,1882
3.10993,1883
3.1104,1884
3.10875,1885
3.10711,1886
3.10758,1887
3.10805,1888
3.10852,1889
3.10899,1890
3.10947,1891
3.10994,1892
3.11041,1893
3.10876,1894
3.10923,1895
3.10759,1896
3.10807,1897
3.10854,1898
3.109,1899
3.10737,1900
3.10573,1901
3.1062,1902
3.10457,1903
3.10504,1904
3.10551,1905
3.10598,1906
3.10435,1907
3.10482,1908
3.10529,1909
3.10576,1910
3.10623,1911
3.1046,1912
3.10507,1913
3.10554,1914
3.10601,1915
3.10647,1916
3.10694,1917
3.1074,1918
3.10787,1919
3.10833,1920
3.10672,1921
3.1051,1922
3.10556,1923
3.10603,1924
3.10442,1925
3.10488,1926
3.10535,1927
3.10581,1928
3.10627,1929
3.10674,1930
3.1072,1931
3.10766,1932
3.10605,1933
3.10445,1934
3.10491,1935
3.10331,1936
3.10377,1937
3.10423,1938
3.10469,1939
3.10515,1940
3.10562,1941
3.10608,1942
3.10654,1943
3.107,1944
3.10746,1945
3.10791,1946
3.10632,1947
3.10678,1948
3.10723,1949
3.10769,1950
3.10815,1951
3.10861,1952
3.10906,1953
3.10952,1954
3.10997,1955
3.11043,1956
3.11088,1957
3.11134,1958
3.11179,1959
3.11224,1960
3.1127,1961
3.11315,1962
3.1136,1963
3.11405,1964
3.1145,1965
3.11495,1966
3.1154,1967
3.11585,1968
3.1163,1969
3.11472,1970
3.11517,1971
3.11562,1972
3.11607,1973
3.11651,1974
3.11696,1975
3.11741,1976
3.11786,1977
3.1183,1978
3.11875,1979
3.11919,1980
3.11762,1981
3.11604,1982
3.11649,1983
3.11694,1984
3.11738,1985
3.11782,1986
3.11827,1987
3.11871,1988
3.11714,1989
3.11759,1990
3.11803,1991
3.11647,1992
3.1149,1993
3.11535,1994
3.11378,1995
3.11222,1996
3.11267,1997
3.11311,1998
3.11356,1999
3.114,2000
3.11244,2001
3.11289,2002
3.11133,2003
3.11178,2004
3.11222,2005
3.11266,2006
3.1131,2007
3.11355,2008
3.112,2009
3.11244,2010
3.11089,2011
3.10934,2012
3.10979,2013
3.11023,2014
3.11067,2015
3.11111,2016
3.11155,2017
3.11199,2018
3.11045,2019
3.10891,2020
3.10935,2021
3.10781,2022
3.10628,2023
3.10672,2024
3.10716,2025
3.10563,2026
3.10409,2027
3.10454,2028
3.10498,2029
3.10542,2030
3.10586,2031
3.10433,2032
3.10477,2033
3.10521,2034
3.10565,2035
3.10413,2036
3.10457,2037
3.10304,2038
3.10152,2039
3.10196,2040
3.1024,2041
3.10088,2042
3.10132,2043
3.10176,2044
3.1022,2045
3.10264,2046
3.10308,2047
3.10156,2048
3.102,2049
3.10244,2050
3.10288,2051
3.10331,2052
3.10375,2053
3.10419,2054
3.10462,2055
3.10506,2056
3.10549,2057
3.10593,2058
3.10636,2059
3.1068,2060
3.10723,2061
3.10766,2062
3.10809,2063
3.10659,2064
3.10702,2065
3.10745,2066
3.10789,2067
3.10832,2068
3.10875,2069
3.10918,2070
3.10961,2071
3.10811,2072
3.10854,2073
3.10897,2074
3.1094,2075
3.1079,2076
3.10833,2077
3.10876,2078
3.10919,2079
3.10962,2080
3.11004,2081
3.10855,2082
3.10898,2083
3.10749,2084
3.106,2085
3.10642,2086
3.10685,2087
3.10728,2088
3.10771,2089
3.10813,2090
3.10665,2091
3.10516,2092
3.10559,2093
3.10411,2094
3.10453,2095
3.10496,2096
3.10539,2097
3.10582,2098
3.10624,2099
3.10667,2100
3.10709,2101
3.10752,2102
3.10604,2103
3.10646,2104
3.10689,2105
3.10731,2106
3.10774,2107
3.10816,2108
3.10858,2109
3.109,2110
3.10943,2111
3.10985,2112
3.11027,2113
3.11069,2114
3.10922,2115
3.10964,2116
3.10817,2117
3.10859,2118
3.10901,2119
3.10943,2120
3.10985,2121
3.11027,2122
3.11069,2123
3.10923,2124
3.10965,2125
3.11007,2126
3.11048,2127
3.1109,2128
3.11132,2129
3.11174,2130
3.11215,2131
3.11257,2132
3.11299,2133
3.11153,2134
3.11007,2135
3.11049,2136
3.1109,2137
3.11132,2138
3.11173,2139
3.11215,2140
3.11256,2141
3.11298,2142
3.11339,2143
3.11381,2144
3.11422,2145
3.11463,2146
3.11318,2147
3.11359,2148
3.11401,2149
3.11442,2150
3.11297,2151
3.11152,2152
3.11194,2153
3.11235,2154
3.1109,2155
3.11132,2156
3.11173,2157
3.11214,2158
3.11255,2159
3.11296,2160
3.11152,2161
3.11193,2162
3.11049,2163
3.11091,2164
3.11132,2165
3.11173,2166
3.11214,2167
3.1107,2168
3.11111,2169
3.11152,2170
3.11009,2171
3.10866,2172
3.10907,2173
3.10948,2174
3.10988,2175
3.11029,2176
3.1107,2177
3.11111,2178
3.11152,2179
3.11193,2180
3.1105,2181
3.11091,2182
3.11131,2183
3.11172,2184
3.11213,2185
3.11253,2186
3.11111,2187
3.11152,2188
3.11192,2189
3.11233,2190
3.11273,2191
3.11314,2192
3.11354,2193
3.11395,2194
3.11435,2195
3.11475,2196
3.11516,2197
3.11556,2198
3.11414,2199
3.11455,2200
3.11495,2201
3.11353,2202
3.11394,2203
3.11434,2204
3.11474,2205
3.11514,2206
3.11554,2207
3.11594,2208
3.11634,2209
3.11674,2210
3.11714,2211
3.11754,2212
3.11794,2213
3.11834,2214
3.11874,2215
3.11913,2216
3.11953,2217
3.11993,2218
3.11852,2219
3.11892,2220
3.11932,2221
3.11971,2222
3.12011,2223
3.1205,2224
3.1209,2225
3.12129,2226
3.11989,2227
3.12029,2228
3.12068,2229
3.12108,2230
3.12147,2231
3.12186,2232
3.12047,2233
3.11907,2234
3.11767,2235
3.11807,2236
3.11846,2237
3.11886,2238
3.11925,2239
3.11786,2240
3.11647,2241
3.11686,2242
3.11547,2243
3.11586,2244
3.11626,2245
3.11665,2246
3.11704,2247
3.11744,2248
3.11783,2249
3.11822,2250
3.11861,2251
3.11901,2252
3.1194,2253
3.11979,2254
3.12018,2255
3.12057,2256
3.12096,2257
3.12135,2258
3.12174,2259
3.12035,2260
3.12074,2261
3.11936,2262
3.11799,2263
3.11837,2264
3.11876,2265
3.11915,2266
3.11954,2267
3.11993,2268
3.12032,2269
3.1207,2270
3.12109,2271
3.12148,2272
3.12187,2273
3.12049,2274
3.11912,2275
3.11951,2276
3.11989,2277
3.12028,2278
3.12067,2279
3.1193,2280
3.11968,2281
3.12007,2282
3.12046,2283
3.12084,2284
3.12123,2285
3.12161,2286
3.12024,2287
3.12063,2288
3.12101,2289
3.1214,2290
3.12178,2291
3.12216,2292
3.12255,2293
3.12293,2294
3.12331,2295
3.12369,2296
3.12407,2297
3.12446,2298
3.12484,2299
3.12522,2300
3.1256,2301
3.12598,2302
3.12636,2303
3.12674,2304
3.12712,2305
3.12749,2306
3.12787,2307
3.12652,2308
3.12689,2309
3.12727,2310
3.12765,2311
3.12803,2312
3.1284,2313
3.12878,2314
3.12743,2315
3.12781,2316
3.12818,2317
3.12856,2318
3.12893,2319
3.12931,2320
3.12969,2321
3.13006,2322
3.12871,2323
3.12909,2324
3.12946,2325
3.12984,2326
3.13021,2327
3.13058,2328
3.13096,2329
3.12961,2330
3.12999,2331
3.13036,2332
3.13073,2333
3.13111,2334
3.13148,2335
3.13014,2336
3.13051,2337
3.12917,2338
3.12954,2339
3.12991,2340
3.13029,2341
3.12895,2342
3.12932,2343
3.12969,2344
3.13006,2345
3.13043,2346
3.1291,2347
3.12947,2348
3.12984,2349
3.13021,2350
3.13058,2351
3.12925,2352
3.12962,2353
3.12999,2354
3.13036,2355
3.12903,2356
3.1294,2357
3.12977,2358
3.13014,2359
3.13051,2360
3.13088,2361
3.13124,2362
3.13161,2363
3.13198,2364
3.13066,2365
3.13102,2366
3.13139,2367
3.13176,2368
3.13212,2369
3.13249,2370
3.13286,2371
3.13153,2372
3.1319,2373
3.13058,2374
3.12926,2375
3.12963,2376
3.12831,2377
3.12868,2378
3.12905,2379
3.12941,2380
3.1281,2381
3.12846,2382
3.12883,2383
3.12919,2384
3.12788,2385
3.12825,2386
3.12861,2387
3.12898,2388
3.12934,2389
3.12971,2390
3.13007,2391
3.13043,2392
3.1308,2393
3.12949,2394
3.12985,2395
3.13022,2396
3.13058,2397
3.13094,2398
3.1313,2399
3.13167,2400
3.13203,2401
3.13072,2402
3.13109,2403
3.12978,2404
3.13015,2405
3.13051,2406
3.13087,2407
3.12957,2408
3.12827,2409
3.12697,2410
3.12733,2411
3.12769,2412
3.12806,2413
3.12842,2414
3.12878,2415
3.12748,2416
3.12784,2417
3.12821,2418
3.12857,2419
3.12893,2420
3.12929,2421
3.12964,2422
3.12835,2423
3.12871,2424
3.12907,2425
3.12943,2426
3.12979,2427
3.13015,2428
3.13051,2429
3.13086,2430
3.12958,2431
3.12993,2432
3.12865,2433
3.12736,2434
3.12608,2435
3.12644,2436
3.1268,2437
3.12715,2438
3.12751,2439
3.12787,2440
3.12823,2441
3.12858,2442
3.12894,2443
3.1293,2444
3.12965,2445
3.13001,2446
3.13036,2447
3.12909,2448
3.12944,2449
3.1298,2450
3.12852,2451
3.12887,2452
3.1276,2453
3.12632,2454
3.12668,2455
3.12704,2456
3.12739,2457
3.12775,2458
3.1281,2459
3.12846,2460
3.12718,2461
3.12754,2462
3.12789,2463
3.12662,2464
3.12698,2465
3.12733,2466
3.12606,2467
3.12642,2468
3.12677,2469
3.12713,2470
3.12748,2471
3.12783,2472
3.12657,2473
3.12692,2474
3.12727,2475
3.12763,2476
3.12798,2477
3.12833,2478
3.12707,2479
3.12581,2480
3.12616,2481
3.1249,2482
3.12525,2483
3.1256,2484
3.12596,2485
3.12631,2486
3.12505,2487
3.12379,2488
3.12415,2489
3.12289,2490
3.12164,2491
3.12039,2492
3.11913,2493
3.11788,2494
3.11824,2495
3.11859,2496
3.11894,2497
3.11769,2498
3.11805,2499
3.1184,2500
3.11715,2501
3.11751,2502
3.11786,2503
3.11821,2504
3.11856,2505
3.11891,2506
3.11927,2507
3.11802,2508
3.11837,2509
3.11873,2510
3.11908,2511
3.11943,2512
3.11978,2513
3.11854,2514
3.11889,2515
3.11765,2516
3.118,2517
3.11835,2518
3.1187,2519
3.11905,2520
3.1194,2521
3.11975,2522
3.1201,2523
3.12044,2524
3.12079,2525
3.12114,2526
3.12149,2527
3.12184,2528
3.12218,2529
3.12253,2530
3.12288,2531
3.12322,2532
3.12199,2533
3.12234,2534
3.1211,2535
3.12145,2536
3.1218,2537
3.12214,2538
3.12249,2539
3.12283,2540
3.12318,2541
3.12195,2542
3.1223,2543
3.12264,2544
3.12299,2545
3.12333,2546
3.12367,2547
3.12402,2548
3.12279,2549
3.12314,2550
3.12348,2551
3.12382,2552
3.12417,2553
3.12294,2554
3.12329,2555
3.12207,2556
3.12241,2557
3.12119,2558
3.12153,2559
3.12031,2560
3.12066,2561
3.121,2562
3.12134,2563
3.12012,2564
3.12047,2565
3.12081,2566
3.12115,2567
3.1215,2568
3.12184,2569
3.12218,2570
3.12252,2571
3.12131,2572
3.12009,2573
3.12044,2574
3.11922,2575
3.11957,2576
3.11991,2577
3.12025,2578
3.12059,2579
3.12093,2580
3.12127,2581
3.12161,2582
3.12195,2583
3.12074,2584
3.12108,2585
3.12142,2586
3.12176,2587
3.1221,2588
3.12244,2589
3.12124,2590
3.12157,2591
3.12037,2592
3.12071,2593
3.11951,2594
3.11985,2595
3.12018,2596
3.12052,2597
3.12086,2598
3.1212,2599
3.12154,2600
3.12188,2601
3.12221,2602
3.12255,2603
3.12289,2604
3.12169,2605
3.12203,2606
3.12236,2607
3.12117,2608
3.1215,2609
3.12184,2610
3.12218,2611
3.12251,2612
3.12285,2613
3.12318,2614
3.12352,2615
3.12385,2616
3.12419,2617
3.12452,2618
3.12486,2619
3.12519,2620
3.12552,2621
3.12586,2622
3.12619,2623
3.12652,2624
3.12686,2625
3.12719,2626
3.12752,2627
3.12785,2628
3.12666,2629
3.127,2630
3.12733,2631
3.12766,2632
3.12799,2633
3.12832,2634
3.12865,2635
3.12898,2636
3.12931,2637
3.12964,2638
3.12846,2639
3.12879,2640
3.12912,2641
3.12945,2642
3.12826,2643
3.12859,2644
3.12892,2645
3.12925,2646
3.12958,2647
3.12991,2648
3.13024,2649
3.12906,2650
3.12939,2651
3.12971,2652
3.13004,2653
3.13037,2654
3.1307,2655
3.13102,2656
3.13135,2657
3.13168,2658
3.132,2659
3.13233,2660
3.13266,2661
3.13298,2662
3.13331,2663
3.13213,2664
3.13246,2665
3.13278,2666
3.13311,2667
3.13193,2668
3.13226,2669
3.13258,2670
3.13291,2671
3.13323,2672
3.13356,2673
3.13239,2674
3.13271,2675
3.13303,2676
3.13336,2677
3.13368,2678
3.13401,2679
3.13284,2680
3.13316,2681
3.13348,2682
3.13381,2683
3.13264,2684
3.13296,2685
3.13179,2686
3.13063,2687
3.12946,2688
3.12979,2689
3.13011,2690
3.13043,2691
3.13076,2692
3.13108,2693
3.1314,2694
3.13024,2695
3.13056,2696
3.13089,2697
3.13121,2698
3.13153,2699
3.13185,2700
3.13069,2701
3.13101,2702
3.12986,2703
3.1287,2704
3.12754,2705
3.12786,2706
3.12671,2707
3.12703,2708
3.12735,2709
3.12768,2710
3.12652,2711
3.12537,2712
3.12569,2713
3.12454,2714
3.12486,2715
3.12371,2716
3.12403,2717
3.12436,2718
3.12468,2719
3.125,2720
3.12532,2721
3.12564,2722
3.12596,2723
3.12628,2724
3.12661,2725
3.12693,2726
3.12578,2727
3.1261,2728
3.12495,2729
3.12527,2730
3.1256,2731
3.12592,2732
3.12477,2733
3.12509,2734
3.12541,2735
3.12573,2736
3.12605,2737
3.12637,2738
3.12669,2739
3.12701,2740
3.12733,2741
3.12764,2742
3.12796,2743
3.12828,2744
3.1286,2745
3.12891,2746
3.12923,2747
3.12955,2748
3.12987,2749
3.13018,2750
3.1305,2751
3.13081,2752
3.13113,2753
3.13145,2754
3.13031,2755
3.13062,2756
3.13094,2757
3.13125,2758
3.13157,2759
3.13188,2760
3.1322,2761
3.13251,2762
3.13138,2763
3.13169,2764
3.13201,2765
3.13232,2766
3.13263,2767
3.13295,2768
3.13326,2769
3.13357,2770
3.13244,2771
3.13276,2772
3.13307,2773
3.13338,2774
3.13225,2775
3.13256,2776
3.13288,2777
3.13175,2778
3.13206,2779
3.13094,2780
3.12981,2781
3.12868,2782
3.129,2783
3.12931,2784
3.12962,2785
3.12994,2786
3.13025,2787
3.12912,2788
3.12944,2789
3.12975,2790
3.13006,2791
3.13037,2792
3.13068,2793
3.12956,2794
3.12987,2795
3.12876,2796
3.12907,2797
3.12938,2798
3.12969,2799
3.13,2800
3.13031,2801
3.13062,2802
3.13093,2803
3.13124,2804
3.13155,2805
3.13043,2806
3.13074,2807
3.12963,2808
3.12994,2809
3.13025,2810
3.13056,2811
3.13087,2812
3.13118,2813
3.13149,2814
3.13179,2815
3.1321,2816
3.13241,2817
3.13272,2818
3.13303,2819
3.13333,2820
3.13364,2821
3.13395,2822
3.13425,2823
3.13456,2824
3.13345,2825
3.13376,2826
3.13406,2827
3.13437,2828
3.13326,2829
3.13357,2830
3.13387,2831
3.13418,2832
3.13449,2833
3.13479,2834
3.1351,2835
3.13399,2836
3.13289,2837
3.13319,2838
3.1335,2839
3.1338,2840
3.13411,2841
3.13441,2842
3.13472,2843
3.13502,2844
3.13392,2845
3.13422,2846
3.13453,2847
3.13343,2848
3.13373,2849
3.13404,2850
3.13434,2851
3.13324,2852
3.13354,2853
3.13385,2854
3.13415,2855
3.13445,2856
3.13336,2857
3.13226,2858
3.13256,2859
3.13287,2860
3.13317,2861
3.13347,2862
3.13378,2863
3.13408,2864
3.13438,2865
3.13468,2866
3.13498,2867
3.13389,2868
3.13419,2869
3.13449,2870
3.1348,2871
3.1351,2872
3.1354,2873
3.1357,2874
3.136,2875
3.1363,2876
3.1366,2877
3.1369,2878
3.1372,2879
3.1375,2880
3.1378,2881
3.1381,2882
3.13701,2883
3.13731,2884
3.13761,2885
3.13791,2886
3.13821,2887
3.1385,2888
3.1388,2889
3.1391,2890
3.13801,2891
3.13831,2892
3.13861,2893
3.13891,2894
3.13921,2895
3.1395,2896
3.1398,2897
3.1401,2898
3.14039,2899
3.14069,2900
3.14099,2901
3.14128,2902
3.14158,2903
